3.159360885620117188e-01 3.299188911914825439e-01 1.000000000000000000e+00
7.391727566719055176e-01 6.299239397048950195e-01 1.000000000000000000e+00
1.000000000000000000e+00 1.000000000000000000e+00 3.438936769962310791e-01
7.674472332000732422e-01 1.000000000000000000e+00 7.387678623199462891e-01
3.723782896995544434e-01 7.549321651458740234e-01 1.000000000000000000e+00
3.159390985965728760e-01 7.799276709556579590e-01 1.000000000000000000e+00
1.000000000000000000e+00 4.048787653446197510e-01 4.567069113254547119e-01
1.000000000000000000e+00 2.548769414424896240e-01 2.875070869922637939e-01
5.530798435211181641e-01 1.000000000000000000e+00 7.387879490852355957e-01
1.000000000000000000e+00 1.000000000000000000e+00 2.029034495353698730e-01
2.877268493175506592e-01 1.000000000000000000e+00 1.000000000000000000e+00
7.956905961036682129e-01 1.000000000000000000e+00 1.000000000000000000e+00
4.287982285022735596e-01 1.000000000000000000e+00 1.000000000000000000e+00
1.000000000000000000e+00 1.000000000000000000e+00 8.663099408149719238e-01
1.000000000000000000e+00 1.000000000000000000e+00 3.439000248908996582e-01
6.263235211372375488e-01 4.799166321754455566e-01 1.000000000000000000e+00
2.876871824264526367e-01 2.549305856227874756e-01 1.000000000000000000e+00
4.570198953151702881e-01 4.799172282218933105e-01 1.000000000000000000e+00
1.000000000000000000e+00 1.000000000000000000e+00 3.438951969146728516e-01
1.000000000000000000e+00 1.000000000000000000e+00 4.848979413509368896e-01
9.367717504501342773e-01 1.000000000000000000e+00 1.000000000000000000e+00
1.000000000000000000e+00 1.000000000000000000e+00 2.957105040550231934e-01
2.595077455043792725e-01 3.299207985401153564e-01 1.000000000000000000e+00
5.416793823242187500e-01 1.000000000000000000e+00 1.000000000000000000e+00
1.000000000000000000e+00 1.000000000000000000e+00 3.173696994781494141e-01
1.000000000000000000e+00 1.000000000000000000e+00 8.663074374198913574e-01
6.827076673507690430e-01 6.549310684204101562e-01 1.000000000000000000e+00
1.466348469257354736e-01 1.000000000000000000e+00 1.000000000000000000e+00
2.877188026905059814e-01 3.048752844333648682e-01 4.002994596958160400e-01
2.877243757247924805e-01 2.549215853214263916e-01 1.000000000000000000e+00
1.000000000000000000e+00 1.000000000000000000e+00 1.000000000000000000e+00
1.000000000000000000e+00 1.000000000000000000e+00 2.874980568885803223e-01
7.887924313545227051e-01 1.000000000000000000e+00 8.663026690483093262e-01
7.887889146804809570e-01 1.000000000000000000e+00 6.647408008575439453e-01
3.723694384098052979e-01 1.000000000000000000e+00 1.000000000000000000e+00
1.000000000000000000e+00 3.548763990402221680e-01 4.002993702888488770e-01
8.238914608955383301e-01 1.000000000000000000e+00 7.387568950653076172e-01
9.367656111717224121e-01 1.000000000000000000e+00 9.437848329544067383e-01
1.000000000000000000e+00 1.000000000000000000e+00 1.000000000000000000e+00
6.771954298019409180e-01 1.000000000000000000e+00 1.000000000000000000e+00
8.013008236885070801e-01 1.000000000000000000e+00 9.437878727912902832e-01
8.803486824035644531e-01 1.000000000000000000e+00 1.000000000000000000e+00
9.366025924682617188e-01 7.549380064010620117e-01 1.000000000000000000e+00
6.771979331970214844e-01 1.000000000000000000e+00 5.696129798889160156e-01
9.367855787277221680e-01 1.000000000000000000e+00 1.000000000000000000e+00
6.771978139877319336e-01 1.000000000000000000e+00 5.873037576675415039e-01
2.615426480770111084e-01 1.000000000000000000e+00 1.000000000000000000e+00
3.159393668174743652e-01 3.299188315868377686e-01 3.721954524517059326e-01
1.000000000000000000e+00 2.298769503831863403e-01 2.593017518520355225e-01
3.159455955028533936e-01 2.299201935529708862e-01 1.000000000000000000e+00
1.000000000000000000e+00 1.000000000000000000e+00 2.592982947826385498e-01
1.000000000000000000e+00 2.048764228820800781e-01 2.310962826013565063e-01
3.441601097583770752e-01 2.799209356307983398e-01 1.000000000000000000e+00
1.000000000000000000e+00 1.000000000000000000e+00 1.000000000000000000e+00
5.416451096534729004e-01 1.000000000000000000e+00 1.000000000000000000e+00
2.877052724361419678e-01 2.549290955066680908e-01 1.000000000000000000e+00
1.000000000000000000e+00 1.000000000000000000e+00 9.437867999076843262e-01
9.367689490318298340e-01 1.000000000000000000e+00 9.437872767448425293e-01
1.000000000000000000e+00 1.000000000000000000e+00 2.593055069446563721e-01
7.887905836105346680e-01 1.000000000000000000e+00 1.000000000000000000e+00
2.877262532711029053e-01 3.049200177192687988e-01 1.000000000000000000e+00
6.771979331970214844e-01 1.000000000000000000e+00 1.000000000000000000e+00
8.238828778266906738e-01 1.000000000000000000e+00 7.387620210647583008e-01
1.000000000000000000e+00 1.000000000000000000e+00 5.412961244583129883e-01
1.000000000000000000e+00 1.000000000000000000e+00 3.438965082168579102e-01
7.887917160987854004e-01 1.000000000000000000e+00 6.555752158164978027e-01
7.887896299362182617e-01 1.000000000000000000e+00 6.647426486015319824e-01
4.570250809192657471e-01 1.000000000000000000e+00 1.000000000000000000e+00
6.828144788742065430e-01 1.000000000000000000e+00 1.000000000000000000e+00
1.000000000000000000e+00 5.298801660537719727e-01 5.131015181541442871e-01
1.000000000000000000e+00 2.798788249492645264e-01 3.157112002372741699e-01
3.159314393997192383e-01 2.048740386962890625e-01 2.310987114906311035e-01
3.723779916763305664e-01 3.299182653427124023e-01 3.439928293228149414e-01
1.000000000000000000e+00 1.000000000000000000e+00 4.285144209861755371e-01
1.000000000000000000e+00 2.798762619495391846e-01 2.874927222728729248e-01
7.955762147903442383e-01 7.299316525459289551e-01 1.000000000000000000e+00
9.367693066596984863e-01 1.000000000000000000e+00 9.362150430679321289e-01
9.367839097976684570e-01 1.000000000000000000e+00 9.362290501594543457e-01
6.771967411041259766e-01 1.000000000000000000e+00 6.306193470954895020e-01
4.570111930370330811e-01 3.299320042133331299e-01 1.000000000000000000e+00
1.000000000000000000e+00 1.000000000000000000e+00 3.721025586128234863e-01
1.000000000000000000e+00 1.000000000000000000e+00 5.976894497871398926e-01
7.887889146804809570e-01 1.000000000000000000e+00 1.000000000000000000e+00
2.594864070415496826e-01 2.298749834299087524e-01 2.593008279800415039e-01
9.367794990539550781e-01 1.000000000000000000e+00 8.013516664505004883e-01
1.000000000000000000e+00 1.000000000000000000e+00 2.310999631881713867e-01
1.000000000000000000e+00 8.048577308654785156e-01 3.438957035541534424e-01
6.771958470344543457e-01 1.000000000000000000e+00 1.000000000000000000e+00
1.000000000000000000e+00 1.000000000000000000e+00 1.000000000000000000e+00
7.674474716186523438e-01 1.000000000000000000e+00 7.387726902961730957e-01
1.000000000000000000e+00 1.000000000000000000e+00 7.105194926261901855e-01
1.000000000000000000e+00 1.000000000000000000e+00 3.157076835632324219e-01
6.771966218948364258e-01 1.000000000000000000e+00 6.306202411651611328e-01
5.981081724166870117e-01 1.000000000000000000e+00 1.000000000000000000e+00
9.649813771247863770e-01 1.000000000000000000e+00 8.663044571876525879e-01
1.000000000000000000e+00 1.000000000000000000e+00 1.000000000000000000e+00
1.000000000000000000e+00 1.000000000000000000e+00 2.593013942241668701e-01
1.000000000000000000e+00 3.048753738403320312e-01 3.438941538333892822e-01
7.673737406730651855e-01 7.549279332160949707e-01 1.000000000000000000e+00
6.771961450576782227e-01 1.000000000000000000e+00 6.306200623512268066e-01
2.030687034130096436e-01 2.049179673194885254e-01 2.593814730644226074e-01
6.771978139877319336e-01 1.000000000000000000e+00 6.306190490722656250e-01
7.887927293777465820e-01 1.000000000000000000e+00 7.422072291374206543e-01
1.000000000000000000e+00 2.298774570226669312e-01 2.592996358871459961e-01
6.545279026031494141e-01 6.299218535423278809e-01 1.000000000000000000e+00
4.288063645362854004e-01 1.000000000000000000e+00 1.000000000000000000e+00
1.000000000000000000e+00 2.548754215240478516e-01 3.439021408557891846e-01
7.674383521080017090e-01 1.000000000000000000e+00 1.000000000000000000e+00
1.000000000000000000e+00 1.000000000000000000e+00 3.156999051570892334e-01
7.671465873718261719e-01 1.000000000000000000e+00 9.437860846519470215e-01
1.000000000000000000e+00 1.000000000000000000e+00 4.003059566020965576e-01
7.109631896018981934e-01 1.000000000000000000e+00 1.000000000000000000e+00
9.367889761924743652e-01 1.000000000000000000e+00 1.000000000000000000e+00
3.441613316535949707e-01 3.299204111099243164e-01 2.875880300998687744e-01
2.030725777149200439e-01 1.799202263355255127e-01 2.029812932014465332e-01
1.000000000000000000e+00 2.048767954111099243e-01 2.311015129089355469e-01
1.000000000000000000e+00 2.548750042915344238e-01 2.874946296215057373e-01
2.877123355865478516e-01 2.549288570880889893e-01 1.000000000000000000e+00
1.000000000000000000e+00 5.048792362213134766e-01 6.822976469993591309e-01
2.877199053764343262e-01 1.000000000000000000e+00 1.000000000000000000e+00
8.239152431488037109e-01 1.000000000000000000e+00 1.000000000000000000e+00
1.000000000000000000e+00 1.000000000000000000e+00 2.310998141765594482e-01
1.000000000000000000e+00 3.548771142959594727e-01 4.567014575004577637e-01
1.000000000000000000e+00 1.000000000000000000e+00 3.721007406711578369e-01
1.000000000000000000e+00 1.000000000000000000e+00 2.874980270862579346e-01
6.545451283454895020e-01 1.000000000000000000e+00 1.000000000000000000e+00
9.436787366867065430e-01 1.000000000000000000e+00 8.663049340248107910e-01
3.159382939338684082e-01 3.298743963241577148e-01 3.720982968807220459e-01
1.000000000000000000e+00 1.000000000000000000e+00 6.259106993675231934e-01
9.366556406021118164e-01 8.799322247505187988e-01 1.000000000000000000e+00
1.000000000000000000e+00 1.000000000000000000e+00 4.003085196018218994e-01
1.000000000000000000e+00 6.798580884933471680e-01 2.028990983963012695e-01
1.000000000000000000e+00 1.000000000000000000e+00 4.284926056861877441e-01
1.000000000000000000e+00 2.548765242099761963e-01 3.156944811344146729e-01
4.852078855037689209e-01 3.799291253089904785e-01 1.000000000000000000e+00
2.312820255756378174e-01 2.799243927001953125e-01 1.000000000000000000e+00
1.000000000000000000e+00 4.798768758773803711e-01 4.848935604095458984e-01
1.000000000000000000e+00 1.000000000000000000e+00 4.972880482673645020e-01
1.000000000000000000e+00 1.000000000000000000e+00 2.593057751655578613e-01
5.530794262886047363e-01 1.000000000000000000e+00 7.387749552726745605e-01
1.000000000000000000e+00 6.798576116561889648e-01 1.747015863656997681e-01
1.000000000000000000e+00 3.548758924007415771e-01 3.157009780406951904e-01
1.000000000000000000e+00 1.000000000000000000e+00 2.593017220497131348e-01
1.000000000000000000e+00 2.798773050308227539e-01 2.311059236526489258e-01
3.723611831665039062e-01 1.000000000000000000e+00 1.000000000000000000e+00
3.441516757011413574e-01 1.000000000000000000e+00 1.000000000000000000e+00
2.312698513269424438e-01 2.298748791217803955e-01 2.311015427112579346e-01
6.771948933601379395e-01 1.000000000000000000e+00 1.000000000000000000e+00
7.887926697731018066e-01 1.000000000000000000e+00 6.555746793746948242e-01
9.367864131927490234e-01 1.000000000000000000e+00 9.362107515335083008e-01
3.159318268299102783e-01 2.549237310886383057e-01 1.000000000000000000e+00
1.000000000000000000e+00 1.000000000000000000e+00 3.438994288444519043e-01
5.134521126747131348e-01 1.000000000000000000e+00 1.000000000000000000e+00
4.570378959178924561e-01 4.298754334449768066e-01 4.567061066627502441e-01
4.570000171661376953e-01 4.799309372901916504e-01 1.000000000000000000e+00
2.030698210000991821e-01 2.799197435379028320e-01 3.722055256366729736e-01
4.570220708847045898e-01 1.000000000000000000e+00 1.000000000000000000e+00
6.771975755691528320e-01 1.000000000000000000e+00 1.000000000000000000e+00
1.000000000000000000e+00 1.000000000000000000e+00 5.413100123405456543e-01
9.367663860321044922e-01 1.000000000000000000e+00 9.362049698829650879e-01
4.005863070487976074e-01 3.049179017543792725e-01 1.000000000000000000e+00
1.000000000000000000e+00 2.798749804496765137e-01 3.720952868461608887e-01
7.674416899681091309e-01 1.000000000000000000e+00 1.000000000000000000e+00
7.887967824935913086e-01 1.000000000000000000e+00 8.663027882575988770e-01
7.887920141220092773e-01 1.000000000000000000e+00 6.555740833282470703e-01
1.000000000000000000e+00 1.000000000000000000e+00 5.412922501564025879e-01
9.930739998817443848e-01 8.799392580986022949e-01 1.000000000000000000e+00
6.263297200202941895e-01 1.000000000000000000e+00 1.000000000000000000e+00
1.000000000000000000e+00 1.000000000000000000e+00 2.592943906784057617e-01
1.000000000000000000e+00 1.000000000000000000e+00 1.000000000000000000e+00
7.887899279594421387e-01 1.000000000000000000e+00 9.437865614891052246e-01
4.005929827690124512e-01 1.000000000000000000e+00 1.000000000000000000e+00
3.723728954792022705e-01 2.799195647239685059e-01 2.593883574008941650e-01
1.000000000000000000e+00 1.000000000000000000e+00 8.663069009780883789e-01
9.367829561233520508e-01 1.000000000000000000e+00 9.437850117683410645e-01
2.595055103302001953e-01 2.049206495285034180e-01 2.311826050281524658e-01
1.000000000000000000e+00 1.000000000000000000e+00 4.284965395927429199e-01
7.887914180755615234e-01 1.000000000000000000e+00 6.555728912353515625e-01
2.877105474472045898e-01 2.549289166927337646e-01 1.000000000000000000e+00
1.000000000000000000e+00 9.298580884933471680e-01 4.848940074443817139e-01
2.877181768417358398e-01 1.000000000000000000e+00 1.000000000000000000e+00
5.530787110328674316e-01 1.000000000000000000e+00 6.259533166885375977e-01
4.570165872573852539e-01 3.799239993095397949e-01 1.000000000000000000e+00
4.287890791893005371e-01 4.549260139465332031e-01 1.000000000000000000e+00
1.000000000000000000e+00 1.000000000000000000e+00 2.875053286552429199e-01
5.134658813476562500e-01 1.000000000000000000e+00 1.000000000000000000e+00
3.441620469093322754e-01 1.000000000000000000e+00 1.000000000000000000e+00
1.000000000000000000e+00 1.000000000000000000e+00 4.566983282566070557e-01
1.000000000000000000e+00 1.000000000000000000e+00 9.437857270240783691e-01
9.367517232894897461e-01 1.000000000000000000e+00 8.663024902343750000e-01
6.771973967552185059e-01 1.000000000000000000e+00 5.873034000396728516e-01
1.000000000000000000e+00 1.000000000000000000e+00 3.438974320888519287e-01
4.570193290710449219e-01 1.000000000000000000e+00 1.000000000000000000e+00
2.312908023595809937e-01 2.299176156520843506e-01 1.000000000000000000e+00
3.441604375839233398e-01 3.049219846725463867e-01 1.000000000000000000e+00
7.674463391304016113e-01 1.000000000000000000e+00 1.000000000000000000e+00
3.159231245517730713e-01 1.000000000000000000e+00 1.000000000000000000e+00
5.980973839759826660e-01 4.799236953258514404e-01 1.000000000000000000e+00
7.887904644012451172e-01 1.000000000000000000e+00 6.555734276771545410e-01
5.134552717208862305e-01 1.000000000000000000e+00 1.000000000000000000e+00
5.530803799629211426e-01 1.000000000000000000e+00 7.387689352035522461e-01
2.594887614250183105e-01 2.298753559589385986e-01 2.592994272708892822e-01
7.887918353080749512e-01 1.000000000000000000e+00 8.538140654563903809e-01
4.288050234317779541e-01 1.000000000000000000e+00 1.000000000000000000e+00
1.000000000000000000e+00 7.048567533493041992e-01 2.874952852725982666e-01
5.698853731155395508e-01 1.000000000000000000e+00 1.000000000000000000e+00
9.930848479270935059e-01 8.799342513084411621e-01 1.000000000000000000e+00
1.000000000000000000e+00 1.000000000000000000e+00 4.566915035247802734e-01
6.771984100341796875e-01 1.000000000000000000e+00 5.873033404350280762e-01
1.000000000000000000e+00 2.298735529184341431e-01 3.156983852386474609e-01
1.000000000000000000e+00 1.798746734857559204e-01 2.592944204807281494e-01
2.877118289470672607e-01 2.549295127391815186e-01 1.000000000000000000e+00
7.674518227577209473e-01 1.000000000000000000e+00 7.387598156929016113e-01
6.771966814994812012e-01 1.000000000000000000e+00 6.772548556327819824e-01
3.441551029682159424e-01 1.000000000000000000e+00 1.000000000000000000e+00
6.771972775459289551e-01 1.000000000000000000e+00 1.000000000000000000e+00
1.000000000000000000e+00 1.000000000000000000e+00 8.663095235824584961e-01
2.594916820526123047e-01 2.549291849136352539e-01 1.000000000000000000e+00
1.000000000000000000e+00 3.548761308193206787e-01 3.156948387622833252e-01
1.000000000000000000e+00 1.000000000000000000e+00 8.663067817687988281e-01
2.594972550868988037e-01 2.298750877380371094e-01 2.593021094799041748e-01
9.084393978118896484e-01 7.299276590347290039e-01 1.000000000000000000e+00
5.416737198829650879e-01 1.000000000000000000e+00 1.000000000000000000e+00
1.000000000000000000e+00 1.000000000000000000e+00 4.566946327686309814e-01
7.887903451919555664e-01 1.000000000000000000e+00 6.647430658340454102e-01
6.263219714164733887e-01 1.000000000000000000e+00 1.000000000000000000e+00
1.000000000000000000e+00 2.048769146203994751e-01 2.311016619205474854e-01
9.367775321006774902e-01 1.000000000000000000e+00 9.362357854843139648e-01
2.877152860164642334e-01 1.000000000000000000e+00 1.000000000000000000e+00
5.981025099754333496e-01 4.799179434776306152e-01 1.000000000000000000e+00
8.662369251251220703e-01 1.000000000000000000e+00 8.663071393966674805e-01
3.723798096179962158e-01 3.549216687679290771e-01 1.000000000000000000e+00
2.877031266689300537e-01 2.549291253089904785e-01 1.000000000000000000e+00
7.109848856925964355e-01 1.000000000000000000e+00 1.000000000000000000e+00
1.000000000000000000e+00 1.000000000000000000e+00 3.157051205635070801e-01
1.000000000000000000e+00 1.000000000000000000e+00 1.000000000000000000e+00
1.000000000000000000e+00 1.000000000000000000e+00 1.000000000000000000e+00
1.000000000000000000e+00 1.000000000000000000e+00 9.437881708145141602e-01
4.288026094436645508e-01 1.000000000000000000e+00 1.000000000000000000e+00
2.030672430992126465e-01 1.799176186323165894e-01 2.029709517955780029e-01
6.262927651405334473e-01 1.000000000000000000e+00 1.000000000000000000e+00
2.030703425407409668e-01 1.549181044101715088e-01 1.000000000000000000e+00
1.000000000000000000e+00 2.798756062984466553e-01 2.592952847480773926e-01
1.000000000000000000e+00 1.000000000000000000e+00 8.663090467453002930e-01
3.723652660846710205e-01 1.000000000000000000e+00 1.000000000000000000e+00
1.000000000000000000e+00 2.798759341239929199e-01 3.438954949378967285e-01
1.000000000000000000e+00 1.000000000000000000e+00 3.721073865890502930e-01
6.545452475547790527e-01 6.549177169799804688e-01 1.000000000000000000e+00
5.981122255325317383e-01 1.000000000000000000e+00 1.000000000000000000e+00
5.530791878700256348e-01 1.000000000000000000e+00 7.387801408767700195e-01
1.000000000000000000e+00 1.000000000000000000e+00 4.566977322101593018e-01
6.545976996421813965e-01 1.000000000000000000e+00 1.000000000000000000e+00
1.000000000000000000e+00 1.000000000000000000e+00 3.721036612987518311e-01
5.530780553817749023e-01 1.000000000000000000e+00 7.387601137161254883e-01
1.000000000000000000e+00 1.000000000000000000e+00 3.439075946807861328e-01
1.000000000000000000e+00 1.000000000000000000e+00 2.029049098491668701e-01
1.000000000000000000e+00 1.000000000000000000e+00 6.772505640983581543e-01
9.367740154266357422e-01 1.000000000000000000e+00 9.080240726470947266e-01
4.005882441997528076e-01 1.000000000000000000e+00 1.000000000000000000e+00
7.887964844703674316e-01 1.000000000000000000e+00 8.663024902343750000e-01
9.367508292198181152e-01 1.000000000000000000e+00 9.437870383262634277e-01
1.000000000000000000e+00 1.000000000000000000e+00 1.000000000000000000e+00
3.441621363162994385e-01 2.799212634563446045e-01 1.000000000000000000e+00
7.674548625946044922e-01 1.000000000000000000e+00 1.000000000000000000e+00
9.367850422859191895e-01 1.000000000000000000e+00 1.000000000000000000e+00
1.000000000000000000e+00 1.000000000000000000e+00 5.976992249488830566e-01
2.594943642616271973e-01 6.799362897872924805e-01 1.000000000000000000e+00
1.000000000000000000e+00 1.000000000000000000e+00 2.593008577823638916e-01
6.827199459075927734e-01 5.299319624900817871e-01 1.000000000000000000e+00
3.441489040851593018e-01 2.549209296703338623e-01 1.000000000000000000e+00
8.320835828781127930e-01 1.000000000000000000e+00 1.000000000000000000e+00
1.000000000000000000e+00 1.000000000000000000e+00 1.000000000000000000e+00
1.000000000000000000e+00 1.000000000000000000e+00 3.721031844615936279e-01
1.000000000000000000e+00 1.000000000000000000e+00 6.088975667953491211e-01
6.827201247215270996e-01 1.000000000000000000e+00 1.000000000000000000e+00
1.000000000000000000e+00 3.548782765865325928e-01 3.157019913196563721e-01
1.000000000000000000e+00 1.000000000000000000e+00 4.848868250846862793e-01
6.771966814994812012e-01 1.000000000000000000e+00 1.000000000000000000e+00
1.000000000000000000e+00 1.000000000000000000e+00 6.989110112190246582e-01
4.570245444774627686e-01 1.000000000000000000e+00 1.000000000000000000e+00
4.570328593254089355e-01 1.000000000000000000e+00 1.000000000000000000e+00
7.887890338897705078e-01 1.000000000000000000e+00 1.000000000000000000e+00
1.000000000000000000e+00 1.000000000000000000e+00 4.848943054676055908e-01
7.109211683273315430e-01 5.549283623695373535e-01 1.000000000000000000e+00
1.000000000000000000e+00 1.000000000000000000e+00 1.000000000000000000e+00
6.545473337173461914e-01 1.000000000000000000e+00 1.000000000000000000e+00
1.000000000000000000e+00 1.000000000000000000e+00 3.438973128795623779e-01
1.000000000000000000e+00 1.000000000000000000e+00 2.310973703861236572e-01
1.000000000000000000e+00 1.000000000000000000e+00 3.439027070999145508e-01
7.329898476600646973e-01 1.000000000000000000e+00 9.437857270240783691e-01
9.368001222610473633e-01 1.000000000000000000e+00 1.000000000000000000e+00
2.595023810863494873e-01 1.000000000000000000e+00 1.000000000000000000e+00
2.030510008335113525e-01 1.798764914274215698e-01 2.311015427112579346e-01
7.673646211624145508e-01 1.000000000000000000e+00 1.000000000000000000e+00
7.887890338897705078e-01 1.000000000000000000e+00 1.000000000000000000e+00
1.000000000000000000e+00 1.000000000000000000e+00 4.003111720085144043e-01
6.771951317787170410e-01 1.000000000000000000e+00 1.000000000000000000e+00
1.000000000000000000e+00 1.000000000000000000e+00 5.130952000617980957e-01
2.030654549598693848e-01 1.799240112304687500e-01 1.000000000000000000e+00
1.000000000000000000e+00 1.000000000000000000e+00 2.593066990375518799e-01
